0
0
0
0
0
0
0
0
0
0
0
0
0
0
0
3
1
1
0.5
0.5
0.5
0.5
0.5
0.5
0
0
0
0
0
0
0
9
2
2
1
1
0.5
0.5
0.5
0.5
0.5
0
0
0
0
0
0
16
6
3
2
1
1
1
1
1
0.5
0.5
0.5
0.5
0
0
0
12
15
3
6
3
2
2
1
1
0.5
0.5
0.5
0
0
0
0
50
30
12
6
4
3
2
2
3
2
1
0
0
0
0
0
75
36
19
8
5
6
4
4
3
2
0
0
0
0
0
0
100
90
20
10
15
24
5
5
5
0
0
0
0
0
0
 0
720
80
30
25
72
20
12
15
0
0
0
0
0
0
0
0
1200
600
180
250
80
50
50
0
0
0
0
0
0
0
0
0
1800
1000
500
240
150
150
0
0
0
0
0
0
0
0
0
0
3000
2000
500
500
300
0
0
0
0
0
0
0
0
0
0
0
4000
3000
1000
600
0
0
0
0
0
0
0
0
0
0
0
0
6000
2000
1200
0
0
0
0
0
0
0
0
0
0
0
0
0
7500
2500
0
0
0
0
0
0
0
0
0
0
0
0
0
0
10000